{
	"Calibration": {
		"Dynamic": {
			"CalibrationHistory": null,
			"Stereo": {
				"Angle": {
					"Epipolar": 0,
					"OpticalAxis": 0,
					"Vergence": 0
				},
				"DisparityMapOffset": 0,
				"Left": {
					"Camera": [
						[
							1064.0179443359375,
							0,
							0
						],
						[
							0,
							1064.0179443359375,
							0
						],
						[
							533.4423828125,
							506.637420654296875,
							1
						]
					],
					"ForcedRawImageSize": [
						0,
						0
					],
					"ForcedRectifiedImageSize": [
						0,
						0
					],
					"RawAoiIncrements": {
						"Height": 1,
						"Left": 1,
						"Top": 1,
						"Width": 1
					},
					"RectifiedAoiIncrements": {
						"Height": 1,
						"Left": 1,
						"Top": 1,
						"Width": 1
					},
					"Rotation": [
						[
							0.998310294863393621,
							-0.00224719534519069722,
							-0.0580646646665994928
						],
						[
							0.00232098157498091028,
							0.999996582490380481,
							0.00120335035970513325
						],
						[
							0.0580617620667224846,
							-0.00133608406926982053,
							0.998312098827349281
						]
					]
				},
				"Reprojection": [
					[
						1,
						0,
						0,
						0
					],
					[
						0,
						1,
						0,
						0
					],
					[
						0,
						0,
						0,
						0.00907593254280560958
					],
					[
						-533.4423828125,
						-506.637420654296875,
						1064.0179443359375,
						1.3797251042744989
					]
				],
				"Right": {
					"Camera": [
						[
							1064.0179443359375,
							0,
							0
						],
						[
							0,
							1064.0179443359375,
							0
						],
						[
							685.46258544921875,
							506.637420654296875,
							1
						]
					],
					"ForcedRawImageSize": [
						0,
						0
					],
					"ForcedRectifiedImageSize": [
						0,
						0
					],
					"RawAoiIncrements": {
						"Height": 1,
						"Left": 1,
						"Top": 1,
						"Width": 1
					},
					"RectifiedAoiIncrements": {
						"Height": 1,
						"Left": 1,
						"Top": 1,
						"Width": 1
					},
					"Rotation": [
						[
							0.99886467484072039,
							0.00091657343944738642,
							0.0476289958793184934
						],
						[
							-0.000860234709949141444,
							0.999998905971390295,
							-0.001203350433735632
						],
						[
							-0.0476300467308802614,
							0.00116101212425736796,
							0.998864370522475675
						]
					]
				}
			}
		},
		"Monocular": {
			"Left": {
				"BinningShift": [
					-11,
					1
				],
				"Camera": [
					[
						1151.7012939453125,
						0,
						0
					],
					[
						0,
						1152.18359375,
						0
					],
					[
						630.5333251953125,
						525.8326416015625,
						1
					]
				],
				"Distortion": {
					"K1": -0.541206777095794678,
					"K2": 0.292373150587081909,
					"K3": -0.0897978395223617554,
					"Rx": -0.0026026284322142601,
					"Ry": -0.000303666689433157444,
					"T1": 0.000449257902801036835,
					"T2": 0.000927567656617611647
				}
			},
			"Right": {
				"BinningShift": [
					13,
					1
				],
				"Camera": [
					[
						1152.5869140625,
						0,
						0
					],
					[
						0,
						1153.2073974609375,
						0
					],
					[
						622.4464111328125,
						490.32623291015625,
						1
					]
				],
				"Distortion": {
					"K1": -0.542579889297485352,
					"K2": 0.298139065504074097,
					"K3": -0.0943553447723388672,
					"Rx": -0.00330809713341295719,
					"Ry": -0.00322503503412008286,
					"T1": 0.00117740372661501169,
					"T2": 0.000158190552610903978
				}
			}
		},
		"Stereo": {
			"Angle": {
				"Epipolar": 0.00240670506073453142,
				"OpticalAxis": -0.00316861004117709871,
				"Vergence": 0.105744530895160699
			},
			"Baseline": 110.181515263981197,
			"Left": {
				"Camera": [
					[
						1064.0179443359375,
						0,
						0
					],
					[
						0,
						1064.0179443359375,
						0
					],
					[
						533.4423828125,
						506.637420654296875,
						1
					]
				],
				"Rotation": [
					[
						0.998310294863393621,
						-0.00224719534519069722,
						-0.0580646646665994928
					],
					[
						0.00232098157498091028,
						0.999996582490380481,
						0.00120335035970513325
					],
					[
						0.0580617620667224846,
						-0.00133608406926982053,
						0.998312098827349281
					]
				]
			},
			"Rectification": true,
			"Reprojection": [
				[
					1,
					0,
					0,
					0
				],
				[
					0,
					1,
					0,
					0
				],
				[
					0,
					0,
					0,
					0.00907593254280560958
				],
				[
					-533.4423828125,
					-506.637420654296875,
					1064.0179443359375,
					1.3797251042744989
				]
			],
			"Right": {
				"Camera": [
					[
						1064.0179443359375,
						0,
						0
					],
					[
						0,
						1064.0179443359375,
						0
					],
					[
						685.46258544921875,
						506.637420654296875,
						1
					]
				],
				"Rotation": [
					[
						0.99886467484072039,
						0.00091657343944738642,
						0.0476289958793184934
					],
					[
						-0.000860234709949141444,
						0.999998905971390295,
						-0.001203350433735632
					],
					[
						-0.0476300467308802614,
						0.00116101212425736796,
						0.998864370522475675
					]
				]
			}
		}
	},
	"EepromFormat": {
		"Calibration": {
			"Current": 9,
			"Latest": 9
		}
	},
	"EepromId": 255,
	"HardwareRevision": {
		"Projector": 3
	},
	"Images": {
		"DisparityMap": null,
		"Normals": null,
		"PointMap": null,
		"Raw": {
			"Left": 13281011293.4990005,
			"Right": 13281011293.4990005
		},
		"Rectified": {
			"Left": null,
			"Right": null
		},
		"RectifiedTexture": {
			"Left": null,
			"Right": null
		},
		"WithOverlay": {
			"Left": 13281011293.2240009,
			"Right": 13281011293.2240009
		}
	},
	"Link": {
		"Rotation": {
			"Angle": 1.95814612357276485,
			"Axis": [
				-0.588918494459284458,
				-0.534011980506704065,
				-0.606635155228509082
			]
		},
		"Target": "Workspace",
		"Translation": [
			45.4004898071289062,
			102.955070495605469,
			660.021484375
		]
	},
	"ModelName": "N45-602-16-IR",
	"Parameters": {
		"Capture": {
			"AbsoluteBlackLevelOffset": 0,
			"AutoBlackLevel": true,
			"AutoExposure": false,
			"AutoGain": false,
			"Binning": 1,
			"BlackLevelOffset": 0.599999999999999978,
			"BlackLevelOffsetCalibration": {
				"Left": 0,
				"Right": 0
			},
			"Exposure": 9.99999999999999822,
			"FlashDelay": -0.0500000000000000028,
			"FlexView": false,
			"FrontLight": true,
			"Gain": 1.12000000000000011,
			"GainBoost": false,
			"HardwareGamma": true,
			"Hdr": false,
			"ImageBuffer": {
				"Count": 1,
				"OverflowPolicy": "DiscardOld",
				"Size": 1
			},
			"MaxFlashTime": 10,
			"MaxGain": 4,
			"Mode": "Raw",
			"MultiExposureFactor": 1,
			"PixelClock": 43,
			"Projector": false,
			"ProjectorMinimumDutyCycle": 0.0500000000000000028,
			"TargetBrightness": 128,
			"TriggerDelay": 0,
			"TriggerMode": "Software",
			"Triggered": true,
			"UseDisparityMapAreaOfInterest": false,
			"UseRecalibrator": false,
			"WaitForRecalibration": true
		},
		"DisparityMap": {
			"AreaOfInterest": {
				"FullWidth": true,
				"LeftTop": [
					0,
					0
				],
				"Raw": {
					"Left": {
						"ImageOffset": [
							0,
							0
						],
						"LeftTop": [
							0,
							0
						],
						"RightBottom": [
							1279,
							1023
						]
					},
					"Right": {
						"ImageOffset": [
							0,
							0
						],
						"LeftTop": [
							0,
							0
						],
						"RightBottom": [
							1279,
							1023
						]
					}
				},
				"RightBottom": [
					1279,
					1023
				]
			},
			"ClipToAreaOfInterest": false,
			"Downsample": [
				1,
				1
			],
			"MeasurementVolume": {
				"Far": {
					"DisparityStep": 14.9614227348739703,
					"LeftBottom": [
						-663.978259127137562,
						642.718946898653599,
						1324.38817222465445
					],
					"LeftTop": [
						-663.978259127137562,
						-630.613995837941275,
						1324.38817222465445
					],
					"PixelSize": 1.24470473385786407,
					"RightBottom": [
						848.960344877095963,
						642.718946898653599,
						1324.38817222465445
					],
					"RightTop": [
						848.960344877095963,
						-630.613995837941275,
						1324.38817222465445
					]
				},
				"Near": {
					"DisparityStep": 2.54754166662857306,
					"LeftBottom": [
						-241.884655629303609,
						265.213302610357459,
						546.499154550645699
					],
					"LeftTop": [
						-241.884655629303609,
						-260.218282525389441,
						546.499154550645699
					],
					"PixelSize": 0.513618362791541383,
					"RightBottom": [
						382.932082706606536,
						265.213302610357459,
						546.499154550645699
					],
					"RightTop": [
						382.932082706606536,
						-260.218282525389441,
						546.499154550645699
					]
				}
			},
			"PostProcessing": {
				"CorrespondenceThreshold": 0,
				"Filling": {
					"BorderSpread": 3,
					"RegionSize": 150
				},
				"MedianFilterRadius": 1,
				"RegionFilterDownsampling": 1,
				"SpeckleRemoval": {
					"ComponentThreshold": 3,
					"RegionSize": 150
				},
				"UniquenessOffset": 16,
				"UniquenessRatio": 10
			},
			"ScaledAreaOfInterest": {
				"Left": {
					"LeftTop": [
						0,
						0
					],
					"RightBottom": [
						1279,
						1023
					]
				},
				"Right": {
					"LeftTop": [
						0,
						0
					],
					"RightBottom": [
						1279,
						1023
					]
				}
			},
			"ScaledMeasurementVolume": {
				"Far": {
					"DisparityStep": 14.9614227348739703,
					"LeftBottom": [
						-663.978259127137562,
						642.718946898653599,
						1324.38817222465445
					],
					"LeftTop": [
						-663.978259127137562,
						-630.613995837941275,
						1324.38817222465445
					],
					"PixelSize": 1.24470473385786407,
					"RightBottom": [
						848.960344877095963,
						642.718946898653599,
						1324.38817222465445
					],
					"RightTop": [
						848.960344877095963,
						-630.613995837941275,
						1324.38817222465445
					]
				},
				"Near": {
					"DisparityStep": 2.54754166662857306,
					"LeftBottom": [
						-241.884655629303609,
						265.213302610357459,
						546.499154550645699
					],
					"LeftTop": [
						-241.884655629303609,
						-260.218282525389441,
						546.499154550645699
					],
					"PixelSize": 0.513618362791541383,
					"RightBottom": [
						382.932082706606536,
						265.213302610357459,
						546.499154550645699
					],
					"RightTop": [
						382.932082706606536,
						-260.218282525389441,
						546.499154550645699
					]
				}
			},
			"Scaling": 1,
			"StereoMatching": {
				"EnforceDisparityRange": false,
				"Method": "PatchMatch",
				"MinimumDisparity": -64,
				"NumberOfDisparities": 128,
				"Padding": true,
				"PatchMatch": {
					"Alpha": {
						"Automatic": true,
						"Value": 0.014966263435781002
					},
					"Beta": {
						"Automatic": true,
						"Value": 0.165636390447616577
					},
					"CoupledPropagation": true,
					"Invalidation": true,
					"Iterations": 2,
					"PropagationLimit": -1,
					"PropagationScheme": "TB",
					"Smoothness": {
						"Automatic": true,
						"Value": 0.901829421520233154
					},
					"TiltedPatches": false,
					"ValidateAgainstRightView": false,
					"WindowRadius": {
						"Automatic": true,
						"Value": 5.72803544998168945
					}
				},
				"ScaledMinimumDisparity": -64,
				"ScaledNumberOfDisparities": 128,
				"SemiGlobalMatching": {
					"CostScale": -3,
					"DepthChangeCost": 5,
					"DepthStepCost": 30,
					"PropagationDecay": 3
				},
				"ShadowingThreshold": 2,
				"WindowRadius": 0
			},
			"ValidRegion": {
				"LeftTop": [
					0,
					0
				],
				"RightBottom": [
					1279,
					1023
				]
			}
		},
		"IO": {
			"Input": false,
			"Output": {
				"Duration": 9.99900000000000055,
				"Mode": "LowActive"
			}
		},
		"Overlay": {
			"Text": {
				"Angle": 0,
				"Color": [
					255,
					0,
					0
				],
				"Mirror": {
					"Horizontal": false,
					"Vertical": false
				}
			}
		},
		"SurfaceConnectivity": 3,
		"TransportLayer": {
			"BandwidthLimit": 923
		}
	},
	"Pose": {
		"Rotation": {
			"Angle": 1.95814612357276485,
			"Axis": [
				-0.588918494459284458,
				-0.534011980506704065,
				-0.606635155228509082
			]
		},
		"Translation": [
			45.4004898071289062,
			102.955070495605469,
			660.021484375
		]
	},
	"Sensor": {
		"FirmwareVersion": "4.93.1128",
		"GlobalShutter": true,
		"ModelName": "UI524xTE-M",
		"PixelSize": 5.29999999999999982,
		"Port": {
			"Bandwidth": 1000,
			"Gateway": null,
			"IpAddress": "192.168.240.6",
			"IpSubnetMask": "255.255.255.0",
			"NetworkAdapter": {
				"Gateway": null,
				"IpAddress": "192.168.240.50",
				"IpSubnetMask": "255.255.255.0",
				"MAC": "00:0c:29:4f:a8:f1",
				"Name": "ens32"
			},
			"Type": "Ethernet"
		},
		"SerialNumber": "217617",
		"Size": [
			1280,
			1024
		],
		"Temperature": 45
	},
	"SerialNumber": "217617",
	"Status": {
		"Available": false,
		"Calibrated": true,
		"DynamicCalibrationLimitReached": false,
		"FirmwareSupportsModel": true,
		"IsSuppliedFirmwareVersion": true,
		"LocalEepromFile": false,
		"LowBandwidth": false,
		"Open": true,
		"Overtemperature": false,
		"Paired": true,
		"ValidCameraFirmware": true,
		"ValidFirmware": true,
		"ValidIpAddress": true,
		"ValidProjectorFirmware": true
	},
	"Type": "Stereo",
	"_NxLibVersion": {
		"CodeMeter": {
			"Status": "CodeMeter API could not be loaded."
		},
		"NxLib": {
			"Build": 996,
			"Day": 30,
			"Hash": "7dc598c6314366df7f033a5d38be4efdf1ae3488",
			"Major": 3,
			"Minor": 1,
			"Month": 8,
			"Year": 21
		},
		"Projector": {
			"FirmwareVersion": {
				"Application": 29,
				"Bootloader": 12
			}
		},
		"SystemInfo": {
			"Architecture": "x64",
			"OperatingSystem": "Linux"
		},
		"UEye": {
			"Build": 1196,
			"Major": 4,
			"Minor": 93
		}
	},
	"_Timestamp": "2021-11-10T09:48:13"
}