{
	"Calibration": {
		"Dynamic": {
			"CalibrationHistory": null,
			"Stereo": {
				"Angle": {
					"Epipolar": 0,
					"OpticalAxis": 0,
					"Vergence": 0
				},
				"DisparityMapOffset": 0,
				"Left": {
					"Camera": [
						[
							1065.48779296875,
							0,
							0
						],
						[
							0,
							1065.48779296875,
							0
						],
						[
							537.05902099609375,
							511.682861328125,
							1
						]
					],
					"ForcedRawImageSize": [
						2147483647,
						2147483647
					],
					"ForcedRectifiedImageSize": [
						2147483647,
						2147483647
					],
					"RawAoiIncrements": {
						"Height": 1,
						"Left": 1,
						"Top": 1,
						"Width": 1
					},
					"RectifiedAoiIncrements": {
						"Height": 1,
						"Left": 1,
						"Top": 1,
						"Width": 1
					},
					"Rotation": [
						[
							0.998253272738376163,
							-0.00173603141208012162,
							-0.0590541248521863696
						],
						[
							0.0018456222205813287,
							0.999996674536008379,
							0.00180127608748860846
						],
						[
							0.0590508013979509153,
							-0.0019071213544850584,
							0.998253157141212877
						]
					]
				},
				"Reprojection": [
					[
						1,
						0,
						0,
						0
					],
					[
						0,
						1,
						0,
						0
					],
					[
						0,
						0,
						0,
						0.00907992397314073656
					],
					[
						-537.05902099609375,
						-511.682861328125,
						1065.48779296875,
						1.38070430107956588
					]
				],
				"Right": {
					"Camera": [
						[
							1065.48779296875,
							0,
							0
						],
						[
							0,
							1065.48779296875,
							0
						],
						[
							689.1202392578125,
							511.682861328125,
							1
						]
					],
					"ForcedRawImageSize": [
						2147483647,
						2147483647
					],
					"ForcedRectifiedImageSize": [
						2147483647,
						2147483647
					],
					"RawAoiIncrements": {
						"Height": 1,
						"Left": 1,
						"Top": 1,
						"Width": 1
					},
					"RectifiedAoiIncrements": {
						"Height": 1,
						"Left": 1,
						"Top": 1,
						"Width": 1
					},
					"Rotation": [
						[
							0.998811084987000108,
							0.000707605830194730926,
							0.0487433667392873082
						],
						[
							-0.000620542054037203283,
							0.999998185164257536,
							-0.00180127614497851887
						],
						[
							-0.0487445528715851201,
							0.00176888727181010938,
							0.998809711408118472
						]
					]
				}
			}
		},
		"Monocular": {
			"Left": {
				"BinningShift": [
					-11,
					1
				],
				"Camera": [
					[
						1153.603759765625,
						0,
						0
					],
					[
						0,
						1154.1256103515625,
						0
					],
					[
						634.70751953125,
						528.81005859375,
						1
					]
				],
				"Distortion": {
					"K1": -0.544797658920288086,
					"K2": 0.294464230537414551,
					"K3": -0.0865549147129058838,
					"Rx": -0.000937838689424097538,
					"Ry": -0.00186485121957957745,
					"T1": 0.000389171531423926353,
					"T2": -0.000186058750841766596
				}
			},
			"Right": {
				"BinningShift": [
					13,
					1
				],
				"Camera": [
					[
						1155.0831298828125,
						0,
						0
					],
					[
						0,
						1155.7860107421875,
						0
					],
					[
						623.75543212890625,
						494.66058349609375,
						1
					]
				],
				"Distortion": {
					"K1": -0.546837806701660156,
					"K2": 0.301202744245529175,
					"K3": -0.0917431265115737915,
					"Rx": -5.38700733159203082e-05,
					"Ry": -0.00317061017267405987,
					"T1": 0.000516154803335666656,
					"T2": 6.82397439959459007e-05
				}
			}
		},
		"Stereo": {
			"Angle": {
				"Epipolar": 0.0036025575952945239,
				"OpticalAxis": -0.00244751533455544274,
				"Vergence": 0.107851293410595489
			},
			"Baseline": 110.133080734827018,
			"Left": {
				"Camera": [
					[
						1065.48779296875,
						0,
						0
					],
					[
						0,
						1065.48779296875,
						0
					],
					[
						537.05902099609375,
						511.682861328125,
						1
					]
				],
				"Rotation": [
					[
						0.998253272738376163,
						-0.00173603141208012162,
						-0.0590541248521863696
					],
					[
						0.0018456222205813287,
						0.999996674536008379,
						0.00180127608748860846
					],
					[
						0.0590508013979509153,
						-0.0019071213544850584,
						0.998253157141212877
					]
				]
			},
			"Reprojection": [
				[
					1,
					0,
					0,
					0
				],
				[
					0,
					1,
					0,
					0
				],
				[
					0,
					0,
					0,
					0.00907992397314073656
				],
				[
					-537.05902099609375,
					-511.682861328125,
					1065.48779296875,
					1.38070430107956588
				]
			],
			"Right": {
				"Camera": [
					[
						1065.48779296875,
						0,
						0
					],
					[
						0,
						1065.48779296875,
						0
					],
					[
						689.1202392578125,
						511.682861328125,
						1
					]
				],
				"Rotation": [
					[
						0.998811084987000108,
						0.000707605830194730926,
						0.0487433667392873082
					],
					[
						-0.000620542054037203283,
						0.999998185164257536,
						-0.00180127614497851887
					],
					[
						-0.0487445528715851201,
						0.00176888727181010938,
						0.998809711408118472
					]
				]
			}
		}
	},
	"EepromFormat": {
		"Calibration": {
			"Current": 9,
			"Latest": 11
		}
	},
	"EepromId": 255,
	"HardwareRevision": {
		"Projector": 3
	},
	"Images": {
		"DisparityMap": null,
		"Normals": null,
		"PointMap": null,
		"Raw": {
			"Left": 13287845263.2630005,
			"Right": 13287845263.2630005
		},
		"Rectified": {
			"Left": null,
			"Right": null
		},
		"RectifiedTexture": {
			"Left": null,
			"Right": null
		},
		"WithOverlay": {
			"Left": 13287845263.1420002,
			"Right": 13287845263.1420002
		}
	},
	"Link": {
		"Rotation": {
			"Angle": 1.76839686845128097,
			"Axis": [
				0.175781871101214793,
				0.200868615296063896,
				-0.96371807764573858
			]
		},
		"Target": "Workspace",
		"Translation": [
			32.2468338012695313,
			-75.4053421020507813,
			541.7940673828125
		]
	},
	"ModelName": "N45-602-16-IR",
	"Parameters": {
		"Capture": {
			"AutoBlackLevel": true,
			"AutoExposure": false,
			"AutoGain": false,
			"Binning": 1,
			"BlackLevelOffset": 0.599999999999999978,
			"BlackLevelOffsetCalibration": {
				"Left": 0,
				"Right": 0
			},
			"Exposure": 9.99999999999999822,
			"FlashDelay": -0.0500000000000000028,
			"FlexView": false,
			"FrontLight": true,
			"Gain": 1.27000000000000002,
			"GainBoost": false,
			"HardwareGamma": true,
			"Hdr": false,
			"ImageBuffer": {
				"Count": 1,
				"OverflowPolicy": "DiscardOld",
				"Size": 1
			},
			"MaxFlashTime": 10,
			"MaxGain": 4,
			"Mode": "Raw",
			"MultiExposureFactor": 1,
			"PixelClock": 43,
			"Projector": false,
			"ProjectorMinimumDutyCycle": 0.0500000000000000028,
			"TargetBrightness": 128,
			"TriggerDelay": 0,
			"TriggerMode": "Software",
			"Triggered": true,
			"UseDisparityMapAreaOfInterest": false,
			"UseRecalibrator": false,
			"WaitForRecalibration": true
		},
		"DisparityMap": {
			"AreaOfInterest": {
				"FullWidth": true,
				"LeftTop": [
					0,
					0
				],
				"Raw": {
					"Left": {
						"ImageOffset": [
							0,
							0
						],
						"LeftTop": [
							0,
							0
						],
						"RightBottom": [
							1279,
							1023
						]
					},
					"Right": {
						"ImageOffset": [
							0,
							0
						],
						"LeftTop": [
							0,
							0
						],
						"RightBottom": [
							1279,
							1023
						]
					}
				},
				"RightBottom": [
					1279,
					1023
				]
			},
			"ClipToAreaOfInterest": false,
			"Downsample": [
				1,
				1
			],
			"MeasurementVolume": {
				"Far": {
					"DisparityStep": 14.9616366000157957,
					"LeftBottom": [
						-667.876590675775674,
						635.864465504897453,
						1325.0207644865186
					],
					"LeftTop": [
						-667.876590675775674,
						-636.319271385145271,
						1325.0207644865186
					],
					"PixelSize": 1.24358136548391274,
					"RightBottom": [
						843.69655906992034,
						635.864465504897453,
						1325.0207644865186
					],
					"RightTop": [
						843.69655906992034,
						-636.319271385145271,
						1325.0207644865186
					]
				},
				"Near": {
					"DisparityStep": 2.54896465560981023,
					"LeftBottom": [
						-243.588507728603531,
						262.45624521837226,
						546.908961813703286
					],
					"LeftTop": [
						-243.588507728603531,
						-262.643968625023547,
						546.908961813703286
					],
					"PixelSize": 0.513294441684648883,
					"RightBottom": [
						380.834180580771886,
						262.45624521837226,
						546.908961813703286
					],
					"RightTop": [
						380.834180580771886,
						-262.643968625023547,
						546.908961813703286
					]
				}
			},
			"PostProcessing": {
				"CorrespondenceThreshold": 0,
				"Filling": {
					"BorderSpread": 3,
					"RegionSize": 150
				},
				"MedianFilterRadius": 1,
				"RegionFilterDownsampling": 1,
				"SpeckleRemoval": {
					"ComponentThreshold": 3,
					"RegionSize": 150
				},
				"UniquenessOffset": 16,
				"UniquenessRatio": 10
			},
			"ScaledAreaOfInterest": {
				"Left": {
					"LeftTop": [
						0,
						0
					],
					"RightBottom": [
						1279,
						1023
					]
				},
				"Right": {
					"LeftTop": [
						0,
						0
					],
					"RightBottom": [
						1279,
						1023
					]
				}
			},
			"ScaledMeasurementVolume": {
				"Far": {
					"DisparityStep": 14.9616366000157957,
					"LeftBottom": [
						-667.876590675775674,
						635.864465504897453,
						1325.0207644865186
					],
					"LeftTop": [
						-667.876590675775674,
						-636.319271385145271,
						1325.0207644865186
					],
					"PixelSize": 1.24358136548391274,
					"RightBottom": [
						843.69655906992034,
						635.864465504897453,
						1325.0207644865186
					],
					"RightTop": [
						843.69655906992034,
						-636.319271385145271,
						1325.0207644865186
					]
				},
				"Near": {
					"DisparityStep": 2.54896465560981023,
					"LeftBottom": [
						-243.588507728603531,
						262.45624521837226,
						546.908961813703286
					],
					"LeftTop": [
						-243.588507728603531,
						-262.643968625023547,
						546.908961813703286
					],
					"PixelSize": 0.513294441684648883,
					"RightBottom": [
						380.834180580771886,
						262.45624521837226,
						546.908961813703286
					],
					"RightTop": [
						380.834180580771886,
						-262.643968625023547,
						546.908961813703286
					]
				}
			},
			"Scaling": 1,
			"StereoMatching": {
				"EnforceDisparityRange": false,
				"Method": "PatchMatch",
				"MinimumDisparity": -64,
				"NumberOfDisparities": 128,
				"Padding": true,
				"PatchMatch": {
					"Alpha": {
						"Automatic": true,
						"Value": 0.014966263435781002
					},
					"Beta": {
						"Automatic": true,
						"Value": 0.165636390447616577
					},
					"CoupledPropagation": true,
					"Invalidation": true,
					"Iterations": 2,
					"PropagationLimit": -1,
					"PropagationScheme": "TB",
					"Smoothness": {
						"Automatic": true,
						"Value": 0.901829421520233154
					},
					"TiltedPatches": false,
					"ValidateAgainstRightView": false,
					"WindowRadius": {
						"Automatic": true,
						"Value": 5.72803544998168945
					}
				},
				"ScaledMinimumDisparity": -64,
				"ScaledNumberOfDisparities": 128,
				"SemiGlobalMatching": {
					"CostScale": -3,
					"DepthChangeCost": 5,
					"DepthStepCost": 30,
					"PropagationDecay": 3
				},
				"ShadowingThreshold": 2,
				"WindowRadius": 0
			},
			"ValidRegion": {
				"LeftTop": [
					0,
					0
				],
				"RightBottom": [
					1279,
					1023
				]
			}
		},
		"IO": {
			"Input": false,
			"Output": {
				"Duration": 9.99900000000000055,
				"Mode": "LowActive"
			}
		},
		"Overlay": {
			"Text": {
				"Angle": 0,
				"Color": [
					255,
					0,
					0
				],
				"Mirror": {
					"Horizontal": false,
					"Vertical": false
				}
			}
		},
		"SurfaceConnectivity": 3,
		"TransportLayer": {
			"BandwidthLimit": 923
		}
	},
	"Pose": {
		"Rotation": {
			"Angle": 1.76839686845128097,
			"Axis": [
				0.175781871101214793,
				0.200868615296063896,
				-0.96371807764573858
			]
		},
		"Translation": [
			32.2468338012695313,
			-75.4053421020507813,
			541.7940673828125
		]
	},
	"Sensor": {
		"FirmwareVersion": "4.93.1087",
		"GlobalShutter": true,
		"ModelName": "UI524xTE-M",
		"PixelSize": 5.29999999999999982,
		"Port": {
			"Automatic": false,
			"Bandwidth": 1000,
			"Gateway": null,
			"IpAddress": "10.0.0.25",
			"IpSubnetMask": "255.255.255.0",
			"NetworkAdapter": {
				"DHCP": false,
				"Gateway": null,
				"IpAddress": "10.0.0.2",
				"IpSubnetMask": "255.255.255.0",
				"MAC": "1c:1b:0d:9f:1a:49",
				"Name": "Ethernet"
			},
			"Type": "Ethernet"
		},
		"SerialNumber": "217617",
		"Size": [
			1280,
			1024
		],
		"Temperature": 48.125
	},
	"SerialNumber": "217617",
	"Status": {
		"Available": false,
		"Calibrated": true,
		"DynamicCalibrationLimitReached": false,
		"FirmwareSupportsModel": true,
		"IsSuppliedFirmwareVersion": true,
		"LocalEepromFile": false,
		"LowBandwidth": false,
		"Open": true,
		"Overtemperature": false,
		"Paired": true,
		"ValidCameraFirmware": true,
		"ValidFirmware": true,
		"ValidIpAddress": true,
		"ValidProjectorFirmware": true
	},
	"Type": "Stereo",
	"_NxLibVersion": {
		"CodeMeter": {
			"Status": "CodeMeter API could not be loaded."
		},
		"NxLib": {
			"Build": 489,
			"Day": 10,
			"Hash": "cd3b931fe7ce5d3b3d27380a56d36d133e703516",
			"Major": 3,
			"Minor": 2,
			"Month": 9,
			"Year": 21
		},
		"Projector": {
			"FirmwareVersion": {
				"Application": 29,
				"Bootloader": 12
			}
		},
		"SystemInfo": {
			"Architecture": "x64",
			"OperatingSystem": "Windows"
		},
		"UEye": {
			"Build": 1730,
			"Major": 4,
			"Minor": 93
		}
	},
	"_Timestamp": "2022-01-28T12:07:43"
}